(-7420,3206)
(4770,-3665)
(-8634,1242)
(2509,-1653)
(-7001,1898)
(9697,4853)
(2537,1367)
(1811,-7653)
(8076,4467)
(7612,1719)
(5068,7268)
(2719,3340)
(-8990,-6546)
(1155,-4839)
(7382,-5960)
(-804,-4546)
(48,6070)
(2884,8476)
(-8733,-9974)
(284,-9297)
(-3425,-5978)
(9634,5820)
(-7534,4776)
(-6840,-4801)
(-7679,-4747)
(-6123,-4601)
(9047,1882)
(3775,-8248)
(5850,-5897)
(697,-5487)
(98,-3440)
(5261,8890)
(-9987,2677)
(-7679,-3365)
(5325,6984)
(9399,-1404)
(2318,64)
(2,-4795)
(-3984,-4753)
(-6306,-5558)
(9623,3789)
(-3674,-5792)
(-2670,-2799)
(-470,6616)
(4556,-7325)
(-4413,-8340)
(-7793,1698)
(-819,-2961)
(-512,3516)
(-3578,-3129)
(9727,106)
(-2962,3505)
(4148,7551)
(8545,-5819)
(2690,6738)
(1904,482)
(6381,-8337)
(3921,-3383)
(8173,-9313)
(1791,2686)
(7248,1521)
(-3203,7871)
(2498,-3452)
(9873,-2713)
(-8284,-704)
(-3757,-3071)
(-5966,1948)
(6560,-4505)
(424,-5467)
(8196,-2299)
(-8089,-4040)
(4664,-2460)
(-7530,9543)
(-173,8004)
(-5954,1029)
(6132,-8091)
(5988,-5683)
(6062,6603)
(1902,3561)
(4040,8448)
(8911,902)
(9559,3713)
(-7803,623)
(6106,-7776)
(4952,6718)
(8639,5876)
(2072,-3070)
(4143,-4527)
(-1000,3924)
(-9650,-6768)
(5559,-2335)
(1994,3720)
(6960,607)
(9734,5236)
(-7298,-914)
(5658,1154)
(6136,-5118)
(-3447,-9618)
(6216,6893)
(-6414,-2054)
(3518,-4463)
(-3513,-5964)
(-3127,-3578)
(7287,6683)
(1041,8136)
(-4812,8690)
(-2265,8460)
(-6540,4329)
(-289,2477)
(7110,-9901)
(-5770,-7474)
(-8827,-7398)
(-2672,-3596)
(2551,828)
(-309,-9892)
(320,8516)
(8611,7562)
(-8670,4093)
(-7643,9913)
(5442,-1719)
(-8648,6505)
(6148,8508)
(-9515,-5544)
(5259,8576)
(-7291,-2915)
(-6664,5259)
(5843,-9367)
(9237,6979)
(-1425,-7683)
(9633,-8354)
(-8979,-6183)
(-5448,9884)
(2073,-6418)
(8223,-5567)
(-8805,6638)
(-3688,5668)
(-5899,1957)
(2621,1085)
(5257,8842)
(-3527,2067)
(3102,5080)
(-424,7320)
(544,-7524)
(1711,-617)
(-554,7898)
(-9551,-1933)
(-4469,5325)
(9576,-8815)
(-2465,-6946)
(5846,-3175)
(-4794,-1489)
(7323,9221)
(7507,-5061)
(6579,-2810)
(-3450,-6557)
(-1096,-6205)
(-5415,64)
(-4968,-4615)
(-7159,8182)
(-9131,-5402)
(2840,7581)
(-6092,6949)
(-9442,-2946)
(-281,9531)
(-7733,6256)
(6242,8342)
(2392,2442)
(3428,-146)
(7022,-7341)
(390,-9574)
(3326,91)
(-5378,-5209)
(-4648,265)
(-1598,3159)
(279,-3782)
(-8641,9661)
(7436,-7814)
(-2438,9170)
(-2934,3365)
(793,1401)
(4698,505)
(-4331,-5603)
(6358,900)
(-8943,3099)
(984,-3862)
(6809,-8133)
(-3939,5875)
(2121,-1526)
(-4731,4780)
(-5080,3917)
(-600,8331)
(-858,2633)
(6242,-6514)
(-2558,8015)
(6851,3221)
(-3871,-2091)
(-2450,-3959)
(-3539,500)
(263,-9595)
(-5723,-5150)
(-1800,7233)
(-2200,9421)
(-1035,4169)
(-6817,7308)
(-2075,-8330)
(-9652,-2958)
(3815,-8437)
(7826,-3229)
(-1718,-1171)
(9663,-5525)
(-5061,-655)
(2618,8305)
(-838,-6932)
(-9093,2444)
(4505,-7690)
(-8509,-4384)
(-1299,3510)
(1916,-5349)
(6163,-75)
(-8967,5903)
(8335,-5324)
(3784,5436)
(305,-5163)
(-5004,3437)
(7291,4729)
(-5582,1709)
(-6848,-8039)
(7914,-2215)
(9044,3299)
(3534,960)
(6979,6154)
(8797,-3168)
(2424,-8094)
(4703,7433)
(3371,3862)
(8655,2468)
(-4232,-5675)
(6518,-8575)
(307,3808)
(-4536,5291)
(-7478,9365)
(726,6249)
(331,8947)
(8440,8962)
(-3017,7186)
(1214,9896)
(-1499,8721)
(-2895,-4048)
(1690,9083)
(-215,-271)
(1318,-2371)
(-7780,-838)
(3699,-7956)
(-8022,-5011)
(-9106,-1863)
(-7530,6751)
(-5898,-437)
(6214,-2729)
(6675,9691)
(4685,-2835)
(2433,2900)
(3229,9875)
(-6378,-4373)
(-7932,-4129)
(-8219,-1873)
(3693,1147)
(507,-6077)
(4597,-5429)
(3079,5392)
(1032,1981)
(7601,9841)
(1216,440)
(-3109,-6022)
(-7717,5149)
(-3227,377)
(4626,-9666)
(4899,-8872)
(7721,843)
(-6168,2170)
(2996,-4929)
(3450,9048)
(3074,-6157)
(-3596,-6759)
(6114,9108)
(6612,-3576)
(7877,424)
(3504,2244)
(-8940,3695)
(-6486,1526)
(918,-6600)
(-7082,5861)
(6606,1670)
(-5719,-7127)
(9192,-6944)
(-9527,-1493)
(5244,-1358)
(-7970,-548)
(-8232,9656)
(7859,-1964)
(-7074,2533)
(-5942,4510)
(3115,-3874)
(1904,-1625)
(-8250,1398)
(1111,-9437)
(-9499,-8485)
(-6671,9387)
(-3352,2818)
(-7513,3173)
(2163,-3618)
(8325,7027)
(1399,8704)
(-8239,3170)
(-8452,-7787)
(9478,-7343)
(-5829,6912)
(-6580,-8979)
(6101,7526)
(-7767,9886)
(-488,7652)
(9587,-8063)
(-6891,7012)
(-4808,-9901)
(-4190,-8053)
(-596,-7810)
(-7316,5662)
(-1037,-2690)
(-2815,-9905)
(-6817,3249)
(-6971,1608)
(1924,9437)
(7061,-9545)
(5993,9568)
(6636,-5730)
(-8283,-5957)
(5187,9407)
(3354,9750)
(5733,-8414)
(-7092,7462)
(4959,-5211)
(-5900,9265)
(3238,-9090)
(-8803,1599)
(-6294,-3539)
(-4215,9239)
(5893,-752)
(7017,5867)
(-3398,5317)
(-5092,-521)
(9153,-3141)
(-7725,3778)
(-2880,-2627)
(-5996,3239)
(-8275,-2470)
(-201,-6927)
(-850,-1011)
(5632,5826)
(-3989,2022)
(5766,-7649)
(1235,7678)
(5847,-4077)
(8482,-4480)
(-5456,-1960)
(3120,-5028)
(-1204,2052)
(-1885,-2350)
(8281,-9657)
(2305,1170)
(6454,-4968)
(-524,-6643)
(7413,1853)
(-5187,1807)
(8296,-4735)
(4780,-5620)
(-8232,-6868)
(-9526,4421)
(-773,-8361)
(-6750,8433)
(9106,1066)
(4643,9366)
(-4584,5961)
(-6969,9718)
(-34,6568)
(9407,7093)
(126,-2726)
(-8079,-6383)
(-9577,-1344)
(-6898,-9760)
(5263,4542)
(-7717,-8265)
(7332,2396)
(-2940,2935)
(6867,6755)
(1471,9952)
(5160,9955)
(-1125,-5431)
(-1451,7111)
(-8533,3035)
(1936,-2185)
(662,-475)
(3576,3244)
(-2236,-5657)
(4354,9448)
(-6677,3874)
(-426,13)
(7032,-3946)
(795,-3400)
(4637,2723)
(-1342,-7217)
(-8853,9903)
(8524,-5225)
(-4735,1978)
(8279,-92)
(4638,8233)
(292,-2690)
(2593,-1247)
(-312,1833)
(5417,6209)
(2536,6879)
(-4057,-9697)
(-6455,-625)
(2566,4090)
(8675,-4715)
(5634,-5682)
(624,-2120)
(2611,1383)
(-815,7493)
(8257,2232)
(1724,-5154)
(-6520,-5710)
(-8439,-8168)
(-5383,-683)
(-1986,282)
(-2155,668)
(4547,-3814)
(34,-3483)
(5678,2754)
(-7321,5570)
(-6180,-2007)
(-6890,-4831)
(1607,-5402)
(2958,-4478)
(-37,6613)
(-1054,-8586)
(985,3375)
(-5471,-4688)
(-8913,-216)
(9173,-3002)
(-6939,-6065)
(-2504,-4020)
(9153,3348)
(5264,6999)
(4815,7191)
(9892,2286)
(-3245,5983)
(2319,7830)
(7131,1131)
(-9898,-1374)
(7921,-7253)
(2136,-4662)
(-4271,9476)
(-9729,8935)
(-1992,-2845)
(3391,-9575)
(-6037,5543)
(-2590,-9929)
(-4793,3168)
(-321,4813)
(-2260,-9712)
(-8606,-8170)
(-8944,-6028)
(-3823,-5631)
(9701,-1441)
(-2077,7917)
(-5948,4923)
(4590,1228)
(158,-4977)
(2850,643)
(-950,6113)
(646,9490)
(-2628,-6679)
(-1387,-9845)
(-8967,2388)
(-2924,-4209)
(5794,-2793)
(1170,9621)
(7761,-1094)
(-5780,935)
(6608,3483)
(7891,1952)
(7256,267)
(-1556,-2202)
(3814,-249)
(9275,8718)
(-8053,3726)
(6640,-7854)
(-3486,8195)
(5469,-5571)
(387,-2773)
(1223,-2811)
(-7719,-9191)
(8115,7937)
(-3367,-3767)
(6095,-8515)
(6479,5839)
(-5445,-1351)
(-3673,-4418)
(-7196,-5498)
(-6259,8603)
(1868,-1386)
(804,7339)
(1123,-1208)
(2173,119)
(-9734,6766)
(-2898,3089)
(-5430,2482)
(5795,9427)
(1817,6753)
(-1370,9457)
(3940,4679)
(6173,2565)
(5247,-9092)
(-6173,-5038)
(-3821,2152)
(-3462,-5363)
(-2629,4015)
(-5872,1520)
(-853,-2194)
(-8840,-3066)
(2810,6663)
(2911,-2710)
(-5926,-2608)
(-7474,-5677)
(2309,-7141)
(-1058,9719)
(6100,6568)
(296,6383)
(1273,-7961)
(-8310,4563)
(1062,2621)
(-7048,-1301)
(-1904,-3379)
(9429,4054)
(94,-7381)
(-4641,-499)
(-7072,-1065)
(-3894,-6160)
(611,-2185)
(-2821,4848)
(-4808,2977)
(8171,-9281)
(-3599,-5044)
(8323,7640)
(7906,8542)
(7773,-3924)
(782,-8617)
(-1782,8225)
(-3574,6007)
(-5677,-1555)
(338,22)
(1857,-6989)
(-196,-3450)
(-1359,4468)
(5161,-5347)
(686,3110)
(6036,9422)
(255,2735)
(-6272,397)
(2050,-6192)
(1522,-9066)
(8700,5259)
(-6627,5900)
(-7837,4139)
(-3938,9164)
(1231,-2866)
(-8190,5130)
(-1508,5872)
(-4452,8681)
(7538,8606)
(3409,-4365)
(2261,-6235)
(4687,-6944)
(5548,-8347)
(526,-7337)
(-4240,-5939)
(-9423,1446)
(-2096,9517)
(-4341,-3150)
(-7232,-8051)
(-9994,88)
(6501,5209)
(2021,1803)
(-1373,8973)
(-8209,-5313)
(5550,-1855)
(-7685,-4123)
(-5730,-6417)
(9859,2461)
(-3069,6660)
(-7787,5371)
(4412,-3110)
(4309,6897)
(-7871,6961)
(-5978,-5293)
(8762,-4055)
(2537,-7882)
(-7985,4233)
(2130,-923)
(-3919,-5289)
(9332,-7833)
(-9827,-14)
(-4755,4209)
(-1473,-3198)
(-271,-724)
(-3909,9424)
(-3002,5487)
(-7040,500)
(-4896,-1146)
(-6484,-836)
(-5985,8174)
(7472,-9242)
(-1185,-3641)
(-2568,-1740)
(5088,-2558)
(1239,-2494)
(7946,6866)
(4556,-6588)
(4389,4653)
(9738,-2214)
(8020,8338)
(-2714,-3003)
(1612,-7420)
(6681,5448)
(-4539,-1818)
(3112,-6665)
(-8693,-4959)
(-4421,-5179)
(-4267,6597)
(-5476,7672)
(7626,1994)
(-3654,9241)
(3399,-6607)
(-3849,-6956)
(-8049,-1895)
(-3944,-3402)
(-5055,2699)
(-821,-3847)
(7844,602)
(-6154,-6214)
(-7329,1115)
(-8161,1156)
(-6552,-6499)
(-4367,7199)
(6276,8576)
(-7545,-6227)
(-2719,319)
(-4011,-1639)
(728,1068)
(9489,2520)
(8302,7270)
(4687,4399)
(-1382,-6686)
(-4654,9959)
(1032,2477)
(5912,7351)
(-4188,-375)
(-8203,5821)
(-552,1090)
(-372,-8796)
(5890,7490)
(-7540,-4901)
(-9022,-3649)
(-2227,-4240)
(-5117,-7636)
(8116,-2679)
(-1325,-9321)
(5619,-6770)
(-8440,8972)
(5760,9861)
(9279,-7909)
(8669,6364)
(1165,6487)
(-9778,4375)
(587,9547)
(-5103,639)
(-928,-8309)
(5786,2754)
(-5066,-9122)
(-1191,3247)
(-9870,-410)
(3655,7873)
(1520,-4839)
(7477,7459)
(6231,-3539)
(8655,-7135)
(-7950,-3283)
(8002,4703)
(2020,-7321)
(4193,9454)
(7991,9946)
(2233,-2772)
(-1467,-3214)
(3617,1811)
(-9819,1424)
(-2303,-7354)
(6535,-5714)
(9148,-6796)
(-4654,-6308)
(-6275,5515)
(3221,-4495)
(4300,-2028)
(7250,-1834)
(-2207,-2888)
(-9227,2798)
(-6562,3828)
(575,4162)
(3137,6497)
(8569,3864)
(5909,5373)
(-3897,7493)
(2223,-9645)
(7305,240)
(4835,-6024)
(2967,9438)
(4379,7831)
(3168,4363)
(3368,-713)
(-8760,-2292)
(-5774,4088)
(-1342,-4919)
(1535,-1845)
(-7217,-9409)
(5089,-2533)
(4863,5113)
(-7820,5865)
(6994,-9704)
(573,1581)
(-4872,5840)
(3553,1838)
(-5676,-7922)
(-611,-5190)
(-6367,-7518)
(-8749,9259)
(-848,-2989)
(6535,4139)
(6071,6570)
(-1911,-9345)
(3486,-9830)
(5830,-804)
(3858,7056)
(-2158,1518)
(-6987,9421)
(-9167,2536)
(2861,4966)
(7063,-5096)
(4366,5286)
(660,7206)
(-9431,1775)
(9567,3254)
(6764,-5181)
(1072,-9378)
(1642,-7736)
(8207,4628)
(1003,8419)
(-1505,-3265)
(7425,-9722)
(-5513,2198)
(-5422,4305)
(2327,-1215)
(-5111,4841)
(5091,9879)
(7251,4810)
(-4260,-397)
(2676,2590)
(7245,-4689)
(6270,1130)
(113,-6021)
(2374,5077)
(8468,3191)
(-5046,9752)
(-227,5764)
(-4620,4944)
(7067,4062)
(8512,-8105)
(-5275,1225)
(3381,-8761)
(-5935,5907)
(3139,-1334)
(7787,-5228)
(-2743,2865)
(4180,5409)
(-6284,4803)
(2615,7108)
(-4305,-8982)
(-1841,-2333)
(9734,191)
(7792,-7965)
(-3688,9164)
(-1512,-7535)
(7781,8745)
(3915,1629)
(4755,5540)
(3383,-9297)
(769,6727)
(7599,7328)
(7943,-7275)
(1370,-5453)
(-7277,1994)
(4215,5126)
(-4963,4169)
(9855,-5650)
(1069,-7345)
(-8431,-6972)
(8339,-4704)
(1916,-3144)
(-6767,-4044)
(-3744,3930)
(3296,-8475)
(2713,706)
(2971,-8498)
(9126,-7217)
(-3184,-6630)
(1200,-6078)
(8842,1525)
(376,8389)
(2343,1575)
(-8180,-3385)
(881,-1852)
(8207,8986)
(4593,4054)
(-5920,3326)
(2768,8609)
(-1096,9503)
(5850,-9246)
(1976,-7340)
(6297,-1125)
(-7470,765)
(4945,-9588)
(6837,2675)
(-9398,-4116)
(6440,927)
(-7570,-3541)
(-6777,-2028)
(-7583,-1761)
(-7292,-5820)
(-4732,-803)
(-3917,-2829)
(-505,-245)
(9005,7257)
(4671,-2457)
(-8419,-2801)
(-2494,-3336)
(-354,3160)
(-9914,-4743)
(3711,-3297)
(-9577,5305)
(8079,-2070)
(-6436,-6933)
(3407,1801)
(1113,-6552)
(-5567,8939)
(7131,6834)
(8193,6463)
(1462,-5361)
(6297,1140)
(2738,-8106)
(-1160,-8430)
(1228,3131)
(7275,-4002)
(2097,3112)
(6053,7067)
(-6731,6862)
(-3568,2898)
(-1061,-6372)
(-3518,-3401)
(6416,1509)
(8413,-2098)
(-675,9547)
(4400,1665)
(-3673,-7318)
(-5582,-9442)
(-5577,-7425)
(-4711,1167)
(3598,-5041)
(7443,4404)
(9738,-6429)
(-8836,-7221)
(9111,102)
(6661,3550)
(2877,6589)
(-8704,1136)
(-1156,9866)
(-2244,-1670)
(-3952,-5358)
(-4808,8650)
(2209,-3367)
(-8926,7249)
(4290,-5094)
(6710,-4284)
(4177,8572)
(-3759,3005)
(-3750,-6098)
(395,1147)
(-5113,-1996)
(8588,-2168)
(6579,5822)
(4491,6971)
(5254,-2724)
(8217,-1862)
(13,265)
(-9987,4254)
(6791,5354)
(4624,-1404)
(-3707,1317)
(-8652,7629)
(1410,7371)
(1966,-8009)
(6253,7073)
(6359,5212)
(-3722,-338)
(4946,-7344)
(7359,-9076)
(364,-5153)
(-2119,-6236)
(5810,-8891)
(-1784,-620)
(-1789,8168)
(-4988,-5644)
(9437,9707)
(3080,6270)
(-8653,-9130)
(4666,-4179)
(2795,-2042)
(-9831,5675)
(9820,-7446)
(4921,743)
(-6437,7282)
(-8657,-5404)
(7042,-9324)
(6657,-5488)
(-8761,1673)
(7413,2802)
(-6858,5622)
(7561,8546)
(-343,5339)
(4527,7419)
(6880,4966)
(3903,-5297)
(9937,4976)
(-1315,-6127)
(-5870,6178)
(9750,-1072)
(-8717,6716)
(6755,-2327)
(4785,1293)
(9851,-7737)
(-5435,856)
(-2551,-113)
(-9644,3434)
(-522,-711)
(9097,-8366)
(-1003,-6651)
(3185,3764)
(108,-1210)
(-5630,4396)
(-7450,-283)
(5169,-1592)
(-5101,-3998)
(5942,1491)
(-4450,4655)
(-5058,8321)
(1045,2718)
(-1514,9442)
(164,-555)
(7566,1149)
(-1087,5625)
(-5392,-8193)
(9885,9313)
(5970,-5349)
(-7322,-7760)
(-1747,-5763)
(-316,9074)
(-2357,2728)
(-420,1135)
(8475,-900)
(-2292,-7632)
(-2857,4649)
(6399,-7172)
(4073,-4860)
(9717,141)
(-3690,-7358)
(-827,6834)
(-7955,-3994)
(-5926,3174)
(-3685,2198)
(-9422,3432)
(-4430,7738)
(-547,2424)
(-6852,-3215)
(6071,6964)
